  100.00   100.00     0.00
  100.00   120.00     0.00
  100.00   140.00     0.00
  100.00   160.00     0.00
  100.00   180.00     0.00
  100.00   200.00     0.00
  100.00   220.00     0.00
  100.00   240.00     0.00
  100.00   260.00     0.00
  100.00   280.00     0.00
  100.00   300.00     0.00
  120.00   100.00     0.00
  120.00   120.00     0.00
  120.00   140.00     0.00
  120.00   160.00     0.00
  120.00   180.00     0.00
  120.00   200.00     0.00
  120.00   220.00     0.00
  120.00   240.00     0.00
  120.00   260.00     0.00
  120.00   280.00     0.00
  120.00   300.00     0.00
  140.00   100.00     0.00
  140.00   120.00     0.00
  140.00   140.00     0.00
  140.00   160.00     0.00
  140.00   180.00     0.00
  140.00   200.00     0.00
  140.00   220.00     0.00
  140.00   240.00     0.00
  140.00   260.00     0.00
  140.00   280.00     0.00
  140.00   300.00     0.00
  160.00   100.00     0.00
  160.00   120.00     0.00
  160.00   140.00     0.00
  160.00   160.00     0.00
  160.00   180.00     0.00
  160.00   200.00     0.00
  160.00   220.00     0.00
  160.00   240.00     0.00
  160.00   260.00     0.00
  160.00   280.00     0.00
  160.00   300.00     0.00
  180.00   100.00     0.00
  180.00   120.00     0.00
  180.00   140.00     0.00
  180.00   160.00     0.00
  180.00   180.00     0.00
  180.00   200.00     0.00
  180.00   220.00     0.00
  180.00   240.00     0.00
  180.00   260.00     0.00
  180.00   280.00     0.00
  180.00   300.00     0.00
  200.00   100.00     0.00
  200.00   120.00     0.00
  200.00   140.00     0.00
  200.00   160.00     0.00
  200.00   180.00     0.00
  200.00   200.00     0.00
  200.00   220.00     0.00
  200.00   240.00     0.00
  200.00   260.00     0.00
  200.00   280.00     0.00
  200.00   300.00     0.00
  220.00   100.00     0.00
  220.00   120.00     0.00
  220.00   140.00     0.00
  220.00   160.00     0.00
  220.00   180.00     0.00
  220.00   200.00     0.00
  220.00   220.00     0.00
  220.00   240.00     0.00
  220.00   260.00     0.00
  220.00   280.00     0.00
  220.00   300.00     0.00
  240.00   100.00     0.00
  240.00   120.00     0.00
  240.00   140.00     0.00
  240.00   160.00     0.00
  240.00   180.00     0.00
  240.00   200.00     0.00
  240.00   220.00     0.00
  240.00   240.00     0.00
  240.00   260.00     0.00
  240.00   280.00     0.00
  240.00   300.00     0.00
  260.00   100.00     0.00
  260.00   120.00     0.00
  260.00   140.00     0.00
  260.00   160.00     0.00
  260.00   180.00     0.00
  260.00   200.00     0.00
  260.00   220.00     0.00
  260.00   240.00     0.00
  260.00   260.00     0.00
  260.00   280.00     0.00
  260.00   300.00     0.00
  280.00   100.00     0.00
  280.00   120.00     0.00
  280.00   140.00     0.00
  280.00   160.00     0.00
  280.00   180.00     0.00
  280.00   200.00     0.00
  280.00   220.00     0.00
  280.00   240.00     0.00
  280.00   260.00     0.00
  280.00   280.00     0.00
  280.00   300.00     0.00
  300.00   100.00     0.00
  300.00   120.00     0.00
  300.00   140.00     0.00
  300.00   160.00     0.00
  300.00   180.00     0.00
  300.00   200.00     0.00
  300.00   220.00     0.00
  300.00   240.00     0.00
  300.00   260.00     0.00
  300.00   280.00     0.00
  300.00   300.00     0.00